Tiempo(seg),Temperatura 1,Temperatura 2,Temperatura 3,Temperatura 4,Temperatura 5,Temperatura 6,Temperatura 7,Temperatura 8,Temperatura 9,Temperatura 10
 .5, 849.243944004907, 849.199031288548, 849.057178491511, 848.792843368411, 848.358170126311, 847.673313380532, 846.610378270736, 844.96749987238, 842.427590391071, 838.493012076434
 1, 847.371004276538, 847.259922841232, 846.916262732119, 846.304002335413, 845.361339447844, 843.998048255324, 842.094111997878, 839.5027820814, 836.064501756129, 831.643640597109
 1.5, 844.489260687772, 844.319019433844, 843.799156814177, 842.898858158752, 841.568484496608, 839.742243481707, 837.34373988725, 834.295651207825, 830.534664223059, 826.031269240027
 2, 840.874832633135, 840.662578333261, 840.019573844006, 838.925114006665, 837.34735329213, 835.247012184225, 832.582993811054, 829.319695353231, 825.435306001469, 820.92943892914
 2.5, 836.7867051517, 836.548396111285, 835.82988210064, 834.619377156604, 832.899461840956, 830.650008015016, 827.852076666916, 824.492281901056, 820.566910080543, 816.084860883199
 3, 832.41303053683, 832.160156292651, 831.399830324182, 830.126477454716, 828.332293132844, 826.009139602071, 823.150894587679, 819.755852463113, 815.82873549942, 811.381875457672
 3.5, 827.875754779794, 827.615669139014, 826.834892552897, 825.531712376645, 823.704155776687, 821.35109949659, 818.473579630981, 815.076050912645, 811.167349622579, 806.761153769261
 4, 823.249444709597, 822.986567717522, 822.198110482404, 820.884610588065, 819.047440998611, 816.68941344797, 813.815461266378, 810.4332602085, 806.553655496527, 802.190795571825
 4.5, 818.578324589211, 818.31521557105, 817.526448661301, 816.213811743325, 814.380516271322, 812.03149941158, 809.173746675618, 805.816561070737, 801.971709797025, 797.653400060031
 5, 813.888233871066, 813.626336651452, 812.841409940682, 811.535903452292, 809.713990668547, 807.381699464528, 804.547033736368, 801.220051088931, 797.412861802929, 793.139526281465
 5.5, 809.19420113376, 808.934311146156, 808.155506968507, 806.860564130351, 805.054120968738, 802.742714517777, 799.934792624463, 796.640689148818, 792.872546009068, 788.644172548663
 6, 804.50500504009, 804.247547665209, 803.476083912172, 802.193527107315, 800.404703337296, 798.116336502603, 795.337002444927, 792.07705088159, 788.348488897626, 784.164823430665
 6.5, 799.825846572809, 799.571038501559, 798.807533188079, 797.5382783411, 795.768135840095, 793.503840541122, 790.753925046124, 787.528615465023, 783.839697233205, 779.700352038486
 7, 795.15988951292, 794.907830798515, 794.152566789797, 792.897023799335, 791.146017819268, 788.906200654048, 786.18597106406, 782.995359157732, 779.345885850171, 775.250400267259
 7.5, 790.50913920547, 790.259865235727, 789.512939630548, 788.271238070188, 786.539488083803, 784.324209906295, 781.633622537318, 778.4775247593, 774.867154296032, 770.815028847287
 8, 785.874940086743, 785.628450713033, 784.889858548391, 783.66197406931, 781.949415354628, 779.758547636322, 777.097388836048, 773.975491450433, 770.403804577815, 766.394520157869
 8.5, 781.258255704523, 781.014531474311, 780.284212367079, 779.070037119135, 777.376505192298, 775.209817102352, 772.577781808273, 769.489701645248, 765.956238803244, 761.989267482321
 9, 776.659825547113, 776.418836705899, 775.696700718522, 774.496082403582, 772.821359845562, 770.678566554273, 768.075301887889, 765.020620089838, 761.524901939508, 757.599713064746
 9.5, 772.080252520545, 771.841963982221, 771.12790590512, 769.940669344307, 768.284511667553, 766.165301040541, 763.590430418105, 760.568711132817, 757.110249972128, 753.226313638198
 10, 767.520051596858, 767.284425676857, 766.578332883012, 765.404291880545, 763.766441764067, 761.670489063561, 759.123625491609, 756.134426206295, 752.712732321259, 748.869521371694
 10.5, 762.979676838183, 762.746674750446, 762.048431498133, 760.887395342828, 759.267590438459, 757.194566394447, 754.675319783952, 751.71819703313, 748.332782242076, 744.529773450314
 11, 758.459536444076, 758.229119117633, 757.538608898091, 756.390385912804, 754.788363111385, 752.737938340449, 750.245919524115, 747.320432045051, 743.970811690766, 740.207486482209
 11.5, 753.960001205313, 753.732129727695, 753.049236540414, 751.913636011869, 750.329133766524, 748.300981185048, 745.835804122526, 742.941514605582, 739.627208689918, 735.903053605399
 12, 749.481409353252, 749.256045209852, 748.580654251401, 747.457487474021, 745.890247059992, 743.884043198652, 741.445326187724, 738.581802253921, 735.302336097926, 731.616843109336
 12.5, 745.02406945617, 744.801174658292, 744.133172691154, 743.022253527207, 741.47201972066, 739.487445437797, 737.074811780451, 734.241626533476, 730.996531173516, 727.349197912622
 13, 740.588262269913, 740.367799422169, 739.707074969149, 738.608220145037, 737.07474158447, 735.111482450366, 732.724560819308, 729.921293161935, 726.710105597121, 723.100435531155
 13.5, 736.17424203817, 735.956174372794, 735.302617816259, 734.215647074666, 732.698676448524, 730.756422948793, 728.39484758824, 725.621082406848, 722.44334576076, 718.870848333278
 14, 731.782237510518, 731.56652890358, 730.920032532554, 729.844768705423, 728.344062843922, 726.422510482566, 724.08592131613, 721.341249589744, 718.196513220856, 714.660703968083
 14.5, 727.412452821751, 727.199067799363, 726.559525827775, 725.495794865351, 724.011114778768, 722.109964124589, 719.798006809774, 717.082025674372, 713.969845254, 710.470245902407
 15, 723.065068307907, 722.853972046815, 722.221280615507, 721.168911590479, 719.700022476827, 717.818979176894, 715.531305127713, 712.843617912558, 709.763555480673, 706.29969402908
 15.5, 718.740241297459, 718.531399622393, 717.905456791705, 716.864281888786, 715.410953123291, 713.549727896352, 711.285994285792, 708.626210531007, 705.57783453572, 702.149245323912
 16, 714.438106896186, 714.231486275251, 713.612192011909, 712.58204650848, 711.144051621651, 709.302360238566, 707.062229987386, 704.429965447927, 701.412850771948, 698.019074537111
 16.5, 710.158778773624, 709.954346312444, 709.341602472778, 708.322324713696, 706.899441361744, 705.077004616882, 702.860146372397, 700.255023011394, 697.268750987492, 693.909334909362
 17, 705.902349953376, 705.700073388395, 705.09378369904, 704.085215067354, 702.677224997103, 700.873768672959, 698.679856779957, 696.101502753223, 693.145661169967, 689.820158905444
 17.5, 701.668893606744, 701.468741297898, 700.868811334649, 699.870796219252, 698.477485228799, 696.692740055214, 694.52145452033, 691.969504153202, 689.043687251924, 685.75165895975
 18, 697.458463847724, 697.260404770647, 696.666741935859, 695.679127696719, 694.300285592641, 692.533987201496, 690.385013651949, 687.859107409308, 684.962915872983, 681.703928229062
 18.5, 693.271096526861, 693.075100264693, 692.487613763524, 691.510250694902, 690.145671246564, 688.397560122589, 686.270589759926, 683.770374210034, 680.903415144704, 677.677041348598
 19, 689.106810021239, 688.912846756123, 688.33144757179, 687.364188863778, 686.013669755144, 684.283491183303, 682.178220732689, 679.703348505395, 676.86523541467, 673.671055187787
 19.5, 684.965606017968, 684.773646522277, 684.198247390495, 683.240949089098, 681.904291868375, 680.191795878247, 678.107927533749, 675.658057273551, 672.848410026688, 669.686009602674
 20, 680.847470288667, 680.657485916006, 680.088001298727, 679.140522264722, 677.817532292126, 676.122473599609, 674.059714965872, 671.634511280277, 668.852956074327, 665.721928182153
 20.5, 676.752373452671, 676.564336128692, 676.000682187264, 675.062884053996, 673.75337044788, 672.075508394551, 670.033572425245, 667.632705828859, 664.878875145328, 661.778818985547
 21, 672.680271726908, 672.494153939972, 671.936248507809, 671.007995638112, 669.711771219699, 668.050869710111, 666.029474643495, 663.652621498222, 660.926154054691, 657.856675269352
 21.5, 668.631107660646, 668.446882452359, 667.894645007228, 666.975804449602, 665.692685686531, 664.048513123725, 662.047382415645, 659.694224867395, 656.994765564517, 653.955476201187
 22, 664.604810853527, 664.422451809186, 663.875803445182, 662.966244889394, 661.696051838275, 660.068381057752, 658.087243312403, 655.757469224645, 653.084669088933, 650.075187559266
 22.5, 660.601298655564, 660.420779894534, 659.879643293826, 658.979239026041, 657.72179527421, 656.110403476615, 654.148992375339, 651.84229525986, 649.195811382647, 646.215762415938
 23, 656.620476847944, 656.441773013989, 655.90607241842, 655.014697276002, 653.769829882644, 652.174498565373, 650.23255279377, 647.948631738956, 645.328127211898, 642.377141804037
 23.5, 652.66224030372, 652.485326555313, 651.954987737908, 651.072519063999, 649.8400585008, 648.260573388749, 646.337836562368, 644.076396159312, 641.481540006796, 638.559255365013
 24, 648.726473627633, 648.551325628266, 648.026275864716, 647.152593462694, 645.932373554177, 644.368524529818, 642.464745118665, 640.225495385396, 637.655962494182, 634.762021977975
 24.5, 644.813051774488, 644.639645683, 644.119813723177, 643.254799811098, 642.046657674772, 640.498238707747, 638.613169959837, 636.395826263944, 633.851297310366, 630.985350368964
 25, 640.921840645657, 640.750153106597, 640.235469146162, 639.379008311265, 638.182784297722, 636.64959337412, 634.782993238279, 632.58727621818, 630.067437593208, 627.229139699932
 25.5, 637.052697663434, 636.882705797475, 636.373101449609, 635.52508060298, 634.340618236052, 632.82245728752, 630.97408833565, 628.799723820758, 626.304267553199, 623.493280137041
 26, 633.205472323076, 633.037153717496, 632.532561984818, 631.692870316268, 630.520016233357, 629.016691066201, 627.186320415172, 625.033039345169, 622.56166302329, 619.777653398029
 26.5, 629.380006722505, 629.213339421744, 628.713694668436, 627.882223601679, 626.720827494358, 625.232147718749, 623.419546952101, 621.287085295547, 618.839491987358, 616.082133278506
 27, 625.576136069715, 625.411098566023, 624.916336490219, 624.0929796384, 622.942894193367, 621.468673152795, 619.673618242402, 617.56171691485, 615.137615087301, 612.406586157164
 27.5, 621.793689168057, 621.630260392248, 621.140317998694, 620.324971120331, 619.186051960808, 617.726106661872, 615.948377889712, 613.856782671541, 611.45588610883, 608.750871479946
 28, 618.032488879627, 617.870648191933, 617.385463764974, 616.578024720351, 615.450130347997, 614.00428139065, 612.243663270813, 610.17212472492, 607.794152446146, 605.114842223344
 28.5, 614.292352567053, 614.132079748109, 613.651592824999, 612.851961533074, 611.734953270473, 610.303024778808, 608.559305979865, 606.507579369384, 604.152255545713, 601.498345337038
 29, 610.573092514059, 610.414367756002, 609.938519100593, 609.146597496435, 608.040339430231, 606.622158983884, 604.895132251726, 602.86297745791, 600.530031329454, 597.901222166164
 29.5, 606.874516325207, 606.717320222916, 606.246051799711, 605.461743792527, 604.366102717247, 602.961501283502, 601.250963364749, 599.23814480516, 596.927310597711, 594.32330885355
 30, 603.196427305284, 603.040740847753, 602.573995796368, 601.797207228132, 600.712052590748, 599.320864457404, 597.626616023477, 595.632902570578, 593.343919412374, 590.764436722323
 30.5, 599.538624818818, 599.384429380672, 598.922151990706, 598.152790595426, 597.077994440698, 595.70005714976, 594.021902721698, 592.047067621979, 589.779679460624, 587.224432639289
 31, 595.900904630254, 595.748181963411, 595.290317649743, 594.528293013379, 593.463729930017, 592.098884212263, 590.436632086352, 588.480452880083, 586.234408399758, 583.703119359571
 31.5, 592.283059225318, 592.131791450807, 591.678286729322, 590.923510250392, 589.869057318058, 588.517147028531, 586.870609202821, 584.932867644514, 582.707920183596, 580.200315852981
 32, 588.684878114155, 588.535047714075, 588.085850177846, 587.338235028711, 586.293771765902, 584.95464382036, 583.323635922123, 581.404117901792, 579.200025370994, 576.715837612623
 32.5, 585.106148116782, 584.957737926425, 584.512796222333, 583.772257311203, 582.737665624024, 581.411169936389, 579.795511150568, 577.894006615861, 575.71053141698, 573.249496946269
 33, 581.546653631462, 581.399646831587, 580.958910637406, 580.225364571049, 579.200528702907, 577.886518123743, 576.286031122442, 574.402334001704, 572.239242947081, 569.801103251025
 33.5, 578.00617688657, 577.860556995836, 577.423976997773, 576.697342044959, 575.682148527178, 574.38047878322, 572.794989656272, 570.928897782596, 568.785962015357, 566.370463271831
 34, 574.484498176531, 574.340249044088, 573.907776914785, 573.187972970455, 572.182310573836, 570.892840208598, 569.322178395239, 567.473493431569, 565.35048834673, 562.957381344333
 34.5, 570.981396082414, 570.83850188065, 570.410090257653, 569.697038807822, 568.700798495156, 567.423388810619, 565.867387032313, 564.03591439763, 561.932619564122, 559.561659622679
 35, 567.496647677759, 567.355092895207, 566.930695359895, 566.224319447296, 565.237394326825, 563.971909326236, 562.430403520655, 560.61595231729, 558.532151400969, 556.183098292756
 35.5, 564.030028720184, 563.889798154584, 563.469369211564, 562.769593402022, 561.791878681866, 560.538185013653, 559.011014269849, 557.21339721196, 555.148877899655, 552.821495771424
 36, 560.581313829343, 560.442392580867, 560.025887637825, 559.332637987372, 558.364030930914, 557.121997833713, 555.609004328489, 553.828037671727, 551.782591596367, 549.476648892246
 36.5, 557.150276651771, 557.012650116394, 556.60002546441, 555.91322948713, 554.953629369362, 553.723128618177, 552.224157553668, 550.459661026061, 548.433083692925, 546.148353078245
 37, 553.736690013131, 553.600343876165, 553.191556670482, 552.511143307086, 551.560451371908, 550.341357225394, 548.856256767877, 547.108053501946, 545.100144216071, 542.836402502182
 37.5, 550.340326058387, 550.205246288166, 549.800254529409, 549.12615411653, 548.184273535014, 546.976462683885, 545.505083903814, 543.773000369941, 541.783562164719, 539.540590234833
 38, 546.96095638039, 546.827129222102, 546.425891737948, 545.758035978161, 544.82487180775, 543.628223324317, 542.170420137593, 540.454286078659, 538.483125645644, 536.260708381761
 38.5, 543.598352137356, 543.465764107035, 543.068240534319, 542.406562466869, 541.482021611527, 540.296416900349, 538.852046010818, 537.15169437811, 535.198621998068, 532.99654820901
 39, 540.252284159693, 540.120922038349, 539.72707280562, 539.071506777853, 538.155497949143, 536.980820698794, 535.549741541987, 533.86500843239, 531.929837907596, 529.747900258188
 39.5, 536.922523046618, 536.792373874519, 536.402160185013, 535.752641824506, 534.845075503601, 533.681211639543, 532.263286327637, 530.59401092211, 528.67655950992, 526.514554451354
 40, 533.608839252981, 533.479890324078, 533.093274139129, 532.449740326505, 531.550528727105, 530.39736636566, 528.99245963367, 527.338484137011, 525.438572484711, 523.296300186101
 40.5, 530.3110031667, 530.183242023196, 529.800186046063, 529.162574888487, 528.271631920647, 527.129061324057, 525.737040477238, 524.098210059137, 522.215662140086, 520.09292642125
 41, 527.028785177191, 526.902199604244, 526.522667264352, 525.890918069696, 525.008159304546, 523.876072837109, 522.496807699579, 520.872970436952, 519.007613488016, 516.904221753498
 41.5, 523.761955735143, 523.636533755713, 523.260489193303, 522.634542444969, 521.759885080318, 520.638177165592, 519.271540030148, 517.66254685076, 515.814211311049, 513.729974485389
 42, 520.51028540399, 520.386015273821, 520.013423324997, 519.393220657394, 518.526583484203, 517.415150563262, 516.061016142392, 514.466720769745, 512.635240220652, 510.569972684933
 42.5, 517.273544903398, 517.150415106128, 516.781241288307, 516.166725462961, 515.308028832676, 514.206769323409, 512.865014701481, 511.285273600984, 509.470484707523, 507.424004237185
 43, 514.05150514506, 513.929504387469, 513.56371488521, 512.954829767511, 512.103995560241, 511.01280981768, 509.683314404304, 508.11798673069, 506.31972918414, 504.291856888075
 43.5, 510.843937261094, 510.723054468476, 510.360616119697, 509.75730665626, 508.914258249787, 507.833048527446, 506.515694011989, 504.964641557996, 503.182758019832, 501.173318280778
 44, 507.650612625293, 507.530836936953, 507.171717219519, 506.573929416156, 505.738591655771, 504.667262067991, 503.361932375235, 501.825019521519, 500.059355568649, 498.068175984863
 44.5, 504.471302867468, 504.352623632349, 503.996790651029, 503.40447155132, 502.576770720459, 501.515227205735, 500.221808452668, 498.69890211896, 496.949306190232, 494.976217518464
 45, 501.305779881115, 501.188186653541, 500.835609127328, 500.24870679178, 499.428570583458, 498.376720868744, 497.095101322468, 495.586070919936, 493.852394263942, 491.897230363696
 45.5, 498.153815824593, 498.037298360135, 497.687945609919, 497.106409095703, 496.293766584732, 495.251520150702, 493.981590187439, 492.486307572271, 490.768404196411, 488.831001975505
 46, 495.015183116008, 494.899731367467, 494.553573304057, 493.977352645313, 493.172134261288, 492.139402308541, 490.881054373732, 489.399393801912, 487.697120422731, 485.777319784139
 46.5, 491.88965442195, 491.775258535454, 491.432265647943, 490.861311836647, 490.063449337687, 489.040144753884, 487.793273323364, 486.325111406632, 484.638327401407, 482.735971191392
 47, 488.777002640241, 488.663652951454, 488.323796295922, 487.758061263296, 486.967487710531, 485.953525038449, 484.718026580681, 483.263242243666, 481.591809603246, 479.706743560778
 47.5, 485.677000876799, 485.564687907246, 485.227939095788, 484.667375694253, 483.884025427044, 482.879320833535, 481.655093772891, 480.213568211403, 478.557351494282, 476.68942420173
 48, 482.589422416733, 482.478136870228, 482.144468060313, 481.589030045973, 480.81283865785, 479.817309903688, 478.604254584766, 477.175871225239, 475.534737512861, 473.683800347961
 48.5, 479.514040689741, 479.403773448928, 479.073157333071, 478.522799348719, 477.753703664032, 476.767270074636, 475.565288727596, 474.149933187663, 472.523752040944, 470.689659130037
 49, 476.450629229888, 476.341371352882, 476.013781148633, 475.468458707261, 474.706396758527, 473.728979195554, 472.537975902461, 471.135535952656, 469.524179369717, 467.706787542247
 49.5, 473.398961629781, 473.290704346917, 472.966113787155, 472.42578325598, 471.670694261916, 470.702215095697, 469.522095757863, 468.132461284432, 466.535803659532, 464.734972403806
 50, 470.358811489181, 470.25154619986, 469.929929523394, 469.394548108374, 468.646372452606, 467.686755535435, 466.51742784174, 465.140490810553, 463.558408894211, 461.774000314408
 50.5, 467.329952358051, 467.223670627692, 466.905002570153, 466.374528300991, 465.633207511437, 464.682378151676, 463.52375154786, 462.159405969417, 460.591778829719, 458.823657604146
 51, 464.312157674, 464.206851231083, 463.891107016119, 463.365498731749, 462.630975460652, 461.688860397663, 460.54084605658, 459.188987952092, 457.635696937174, 455.883730277766
 51.5, 461.305200694095, 461.20086142731, 460.88801675806, 460.36723409261, 459.639452097219, 458.705979477105, 457.568490269928, 456.229017638466, 454.689946340158, 452.954003953216
 52, 458.308854420972, 458.205474376455, 457.895505427314, 457.379508796532, 456.658412920431, 455.733512272565, 454.606462740928, 453.279275527642, 451.754309746275, 450.034263794435
 52.5, 455.322891523138, 455.220462901805, 454.913346310469, 454.402096898613, 453.687633053676, 452.771235268034, 451.654541597103, 450.339541662484, 448.828569372849, 447.124294438283
 53, 452.347084249367, 452.245599404344, 451.941312264129, 451.434772011313, 450.726887160284, 449.818924465549, 448.712504458022, 447.409595548213, 445.912506866666, 444.223879915509
 53.5, 449.381204337034, 449.280655771176, 448.979175623613, 448.477307213603, 447.775949353295, 446.876355295742, 445.780128346757, 444.489216064899, 443.005903217612, 441.332803565612
 54, 446.425022914228, 446.325403277723, 446.026708105429, 445.529474953882, 444.834593098993, 443.943302522133, 442.857189595087, 441.578181373704, 440.108538666045, 438.450847945444
 54.5, 443.478310395428, 443.379612483501, 443.083680703308, 442.591046946459, 441.902591113987, 441.019540138979, 439.943463742251, 438.676268816655, 437.220192603713, 435.577794731346
 55, 440.540836370531, 440.443053121233, 440.149863577591, 439.661794061371, 438.979715255635, 438.104841262454, 437.038725427019, 435.783254809743, 434.340643467984, 432.713424614601
 55.5, 437.612369486965, 437.51549397905, 437.225025937688, 436.74148620728, 436.06573640554, 435.198978014894, 434.142748272839, 432.89891472909, 431.46966862914, 429.857517189964
 56, 434.692677324588, 434.596702775474, 434.308935917327, 433.829892207154, 433.160424345826, 432.301721401823, 431.255304765748, 430.023022789881, 428.607044270452, 427.00985083696
 56.5, 431.781526263037, 431.686446026863, 431.401360442258, 430.9267796664, 430.26354762786, 429.412841181422, 428.376166124736, 427.155351917746, 425.752545260691, 424.170202593638
 57, 428.878681341176, 428.784488906935, 428.502065090039, 428.031914833076, 427.374873433062, 426.532105726086, 425.505102164187, 424.295673612225, 422.905945018735, 421.338348022417
 57.5, 425.9839061082, 425.890595097973, 425.610813941492, 425.145062449783, 424.49416742538, 423.65928187564, 422.64188114799, 421.443757801903, 420.067015369854, 418.514061067626
 58, 423.09696246597, 423.004526633229, 422.727369423378, 422.265985596755, 421.621193594977, 420.794134781783, 419.786269634876, 418.599372690775, 417.235526393217, 415.697113904274
 58.5, 420.217610502032, 420.126043730045, 419.851492141767, 419.394445525672, 418.755714092635, 417.936427743227, 416.938032314452, 415.762284595318, 414.41124626014, 412.887276777573
 59, 417.3456083128, 417.254904613115, 416.982940705563, 416.530201483604, 415.897489054291, 415.085922031001, 414.096931833413, 412.932257771745, 411.593941062501, 410.084317832647
 59.5, 414.480711816243, 414.390865327262, 414.121471539548, 413.67301052649, 413.046276415121, 412.242376703283, 411.262728611283, 410.109054232801, 408.783374630733, 407.28800293383
 60, 411.622674553432, 411.533679539071, 411.266838686269, 410.822627321463, 410.201831712463, 409.405548409096, 408.43518064503, 407.292433553444, 405.979308340703, 404.498095472883
 60.5, 408.771247478156, 408.683098326597, 408.418793596017, 407.978803937267, 407.363907876847, 406.575191180109, 405.614043301802, 404.482152664667, 403.181500908758, 401.714356165381
 61, 405.92617873381, 405.83886995634, 405.577084904068, 405.141289621947, 404.5322550103, 403.751056209727, 402.799069098963, 401.677965634625, 400.389708174097, 398.936542834477
 61.5, 402.968244271851, 402.878146748304, 402.607702800591, 402.156355926585, 401.523074466587, 400.706169952495, 399.703023786093, 398.509693135632, 397.120358170747, 395.523754317813
 62, 397.743116475671, 397.585213954919, 397.106181582228, 396.287412124555, 395.096182223303, 393.482494968414, 391.37051202735, 389.523307500175, 387.860591986971, 386.329312536955
 62.5, 355.851432188054, 355.771671664546, 355.532828631541, 355.136401971936, 354.585025132026, 353.882712031229, 353.035225804775, 352.050222895434, 350.931833496629, 349.682014874796
 63, 321.956285703535, 321.891747698169, 321.698226623805, 321.376024815191, 320.925634414467, 320.347723495231, 319.643112510455, 318.812739425304, 317.857614974724, 316.778806761308
 63.5, 292.487157868224, 292.431046735408, 292.262766549361, 291.982490411764, 291.590504385265, 291.087206521419, 290.47310477861, 289.748814542482, 288.915056026399, 287.972651852728
 64, 266.580065420727, 266.530736398254, 266.382791360572, 266.136367632583, 265.791692631649, 265.349083848559, 264.808948126466, 264.171780702761, 263.438164057213, 262.608766584471
 64.5, 243.663861008093, 243.620226699479, 243.489358350751, 243.271369374478, 242.966447609612, 242.574855407772, 242.096929148983, 241.533078579609, 240.883786002061, 240.149605325104
 65, 223.295305575926, 223.25652208581, 223.140200536266, 222.946436115053, 222.675386473228, 222.32727184816, 221.902374708875, 221.401039264328, 220.823670859351, 220.170735264888
 65.5, 205.11972140441, 205.08511344086, 204.981314045763, 204.808404091432, 204.566517514418, 204.255841454601, 203.876615988113, 203.429133752015, 202.913739481985, 202.330829468272
 66, 188.847875864159, 188.816892733005, 188.723964301524, 188.569159967991, 188.352594661081, 188.074428983988, 187.734869009054, 187.334165985198, 186.87261597662, 186.350559437067
 66.5, 174.240274481962, 174.212460184979, 174.129035386563, 173.990060134494, 173.795633867564, 173.545895558414, 173.241023552782, 172.881235337345, 172.466787252315, 171.997974152389
 67, 161.096066457339, 161.071038570762, 160.995970640045, 160.870914985602, 160.695958245558, 160.471221513682, 160.19686021163, 159.873063901877, 159.50005605558, 159.078093778448
 67.5, 149.244990961839, 149.222425303544, 149.15474208707, 149.041987170213, 148.884236485943, 148.681596173472, 148.434202475355, 148.142221584729, 147.805849455321, 147.425311576872
 68, 138.541393725935, 138.52101296387, 138.459882775799, 138.35804355895, 138.215562201427, 138.032532205434, 137.809073603421, 137.545332831871, 137.241482573982, 136.897721573578
 68.5, 128.859691286127, 128.841256302757, 128.785962039176, 128.693844237623, 128.564962076072, 128.39939828326, 128.197259069623, 127.958674021936, 127.683795971739, 127.372800839538
 69, 120.090871284197, 120.074174513383, 120.02409367778, 119.940660520621, 119.823927596615, 119.673968378776, 119.490877201, 119.274769169323, 119.025780050856, 118.744066142207
 69.5, 112.139749555257, 112.124609759934, 112.079198806924, 112.003544980731, 111.897695107921, 111.761714655971, 111.595687685131, 111.399716773059, 111.173922920332, 110.918445438421
 70, 104.922790151591, 104.909048273198, 104.867830164669, 104.799161101272, 104.703082926116, 104.57965414137, 104.428949867603, 104.251061779319, 104.046098023987, 103.814183125995
 70.5, 98.36635097564, 98.3538667938612, 98.3164209840527, 98.2540361896021, 98.1667498953047, 98.05461451138, 97.917697338886, 97.756080514218, 97.5698609392914, 97.359150198664
 71, 92.4052559526857, 92.3939053668906, 92.3598596511499, 92.3031391363402, 92.2237774779946, 92.121821733572, 91.9973323328543, 91.8503830298888, 91.6810608424368, 91.4894659800599
 71.5, 86.9816210908053, 86.9712938848707, 86.9403176975267, 86.8887108194002, 86.8165035277527, 86.7237381574679, 86.6104690755689, 86.4767626393877, 86.322697143783, 86.1483627584215
 72, 82.043880349593, 82.0344783371492, 82.0062771898954, 81.9592933918331, 81.8935542289231, 81.8090978542466, 81.7059732659562, 81.5842402706943, 81.4439694373711, 81.2852420422159
 72.5, 77.5459705141839, 77.5374059865998, 77.5117168145269, 77.4689178769983, 77.4090338026764, 77.3320990296279, 77.2381577861552, 77.1272640586701, 76.9994815510486, 76.8548836362924
 73, 73.4466439018532, 73.4388383196105, 73.415425556978, 73.3764190630144, 73.3218410989087, 73.2517227927882, 73.1661041229814, 73.0650338896965, 72.9485696791475, 72.8167778208727
 73.5, 69.7088848114134, 69.701767693005, 69.6804199412579, 69.6448537278468, 69.5950891991943, 69.5311545267062, 69.4530858920995, 69.3609274623492, 69.2547313579183, 69.1345576149458
 74, 66.2994109008479, 66.2929188733794, 66.2734460540198, 66.2410034706974, 66.1956093763763, 66.1372892950872, 66.0660760090196, 65.9820095362902, 65.8851371027216, 65.7755131082433
 74.5, 63.1882446533181, 63.1823206365572, 63.1645515441636, 63.1349473778227, 63.0935246916193, 63.0403066342081, 62.9753229374186, 62.8986098964727, 62.8102103448462, 62.7101736243325
 75, 60.3483431189619, 60.3429356203459, 60.3267158083103, 60.2996927619869, 60.2618815082774, 60.2133030604804, 60.1539844082024, 60.0839584997086, 60.0032642194751, 59.9119463614496
 75.5, 57.755276448771, 57.7503389513153, 57.7355288961603, 57.7108545316826, 57.6763295096001, 57.63197292035, 57.5778092841301, 57.5138685351164, 57.4401860013731, 57.3568023809156
 76, 55.3869475453183, 55.3824379738125, 55.3689114742721, 55.3463755458311, 55.3148425999871, 55.2743299929996, 55.2248600179152, 55.1664598904245, 55.0991617308459, 55.0230025426526
 76.5, 53.2233465717649, 53.2192268253405, 53.2068696004755, 53.186281719637, 53.1574744742625, 53.1204636544283, 53.0752695417331, 53.0219168966007, 52.9604349420919, 52.8908573446081
 77, 51.246335179545, 51.2425707208284, 51.2312791778338, 51.2124667611386, 51.186143749365, 51.1523245163473, 51.1110275247684, 51.0622753147396, 51.0060944892315, 50.9425156967041
 77.5, 49.4394562057662, 49.4360156985273, 49.4256958459737, 49.4085023047389, 49.384444436562, 49.3535353331634, 49.3157918105435, 49.2712343986949, 49.2198873284704, 49.1617785159232
 78, 47.7877653055217, 47.7846202940882, 47.7751867804149, 47.7594699191327, 47.7374782410853, 47.709223676107, 47.6747215479044, 47.6339905647761, 47.5870528077591, 47.5339337164914
 78.5, 46.2776815608919, 46.2748061856956, 46.266181446066, 46.2518120412764, 46.2317057484933, 46.2058734436327, 46.1743290967575, 46.137089763695, 46.0941755753239, 46.0456097247949
 79, 44.8968545770087, 44.8942253215249, 44.8863388188289, 44.8731993547969, 44.8548140223787, 44.8311927406941, 44.8023482508891, 44.7682961085542, 44.7290546740311, 44.6846451008484
 79.5, 43.6340459587672, 43.6316414238354, 43.6244289718124, 43.6124125129812, 43.5955985186536, 43.5739960386556, 43.5476166975904, 43.516474687974, 43.480586761456, 43.4399722183426
 80, 42.4790233770114, 42.4768240791272, 42.4702272373808, 42.4592364205696, 42.4438575348261, 42.4240988396279, 42.3999709444232, 42.3714868024105, 42.338661702578, 42.3015132602046
 80.5, 41.4224656938274, 41.4204538844924, 41.4144194166599, 41.4043655484544, 41.3902976718315, 41.3722233272378, 41.3501522005601, 41.3240961174831, 41.2940690362655, 41.2600870391198
 81, 40.4558778335126, 40.4540373371401, 40.4485167247164, 40.4393189715612, 40.4264490015813, 40.4099137006944, 40.389721914068, 40.3658844409971, 40.3384140283438, 40.3073253627078
 81.5, 39.5715142671747, 39.5698303353966, 39.5647793407481, 39.5563640009758, 39.5445888137024, 39.5294600687171, 39.5109858454756, 39.489176008445, 39.464042201143, 39.4355978390206
 82, 38.7623101313027, 38.7607693118128, 38.7561475847871, 38.7484474332675, 38.7376729664425, 38.7238299309016, 38.706925708368, 38.686969311467, 38.6639713783042, 38.6379441659934
 82.5, 38.0218191293263, 38.0204091476381, 38.0161798709108, 38.0091335682255, 37.9992739946706, 37.9866064016476, 37.971137534813, 37.9528756302291, 37.9318304094305, 37.9080130735337
 83, 37.3441574742717, 37.3428671269794, 37.3389966959009, 37.3325482549886, 37.3235252364009, 37.3119324399383, 37.2977760311749, 37.2810635379542, 37.2618038458975, 37.2400071930405
 83.5, 36.7239532235544, 36.7227722818614, 36.7192300150973, 36.7133283191963, 36.705070331705, 36.6944604404233, 36.6815042817064, 36.6662087372736, 36.648581930116, 36.6286332196116
 84, 36.1563004364311, 36.1552195588604, 36.1519774365751, 36.1465758030464, 36.1390175269548, 36.1293066201022, 36.1174482358683, 36.103448666302, 36.0873153383932, 36.069056809619
 84.5, 35.6367176528674, 35.6357283062013, 35.6327607329202, 35.6278165181839, 35.6208982852273, 35.6120097026071, 35.6011554827955, 35.5883413795303, 35.5735741844147, 35.5568617228574
 85, 35.1611102514009, 35.1602046390061, 35.1574882286319, 35.1529624700073, 35.146629762241, 35.1384934604558, 35.1285578745097, 35.1168282665787, 35.1033108480557, 35.0880127758473
 85.5, 34.7257362944683, 34.7249072912616, 34.722420672007, 34.7182777627339, 34.7124807578392, 34.7050327261626, 34.6959376098218, 34.6852002220073, 34.6728262441526, 34.658822222556
 86, 34.3271755138286, 34.3264166072222, 34.3241402444768, 34.3203476386111, 34.3150407969999, 34.3082225269381, 34.2998964345784, 34.2900669229196, 34.2787391892238, 34.2659192219323
 86.5, 33.962301127184, 33.9616063634207, 33.9595223987868, 33.9560503430337, 33.9511920326392, 33.9449500359029, 33.9373276519779, 33.9283289090341, 33.9179585619006, 33.9062220892498
 87, 33.6282542107191, 33.6276181460749, 33.6257102510011, 33.6225315408666, 33.6180836959566, 33.6123690661389, 33.6053906699807, 33.5971521930716, 33.5876579858701, 33.5769130611329
 87.5, 33.3224203817305, 33.321838038116, 33.3200912807235, 33.3171810386449, 33.3131088493869, 33.3078768631444, 33.3014878419944, 33.2939451583648, 33.2852527930672, 33.2754153329482
 88, 33.0424085713977, 33.0418753959387, 33.0402761197855, 33.0376115931495, 33.0338832229998, 33.0290929769766, 33.0232433826558, 33.0163375261498, 33.0083790503105, 32.9993721525831
 88.5, 32.7860316905739, 32.7855435187971, 32.7840792324535, 32.7816396096254, 32.7782259379184, 32.7738400180441, 32.7684841631494, 32.7621611975376, 32.7548744550264, 32.7466277769866
 89, 32.5512890116168, 32.550842033903, 32.5495013103273, 32.5472675530087, 32.5441419403914, 32.5401261205265, 32.5352222104594, 32.529432795061, 32.5227609255267, 32.5152101175842
 89.5, 32.3363501071389, 32.3359408381399, 32.3347132229474, 32.3326679133469, 32.3298059879399, 32.3261289551482, 32.3216387526545, 32.3163377463344, 32.3102287288841, 32.3033149181818
 90, 32.1395402023954, 32.1391654531441, 32.1380413809481, 32.1361685824041, 32.1335480447825, 32.1301811487804, 32.1260696680099, 32.1212157680212, 32.1156220050487, 32.1092913245121
 90.5, 31.9593268121291, 31.9589836645939, 31.9579543826844, 31.9562395125079, 31.9538399577825, 31.9507569823577, 31.9469922097473, 31.9425476222358, 31.9374255597322, 31.931628718399
 91, 31.7943075452662, 31.79399332913, 31.7930508278209, 31.7914805412522, 31.789283296698, 31.7864602511014, 31.7830128906472, 31.7789430299456, 31.774252810983, 31.7689447018687
 91.5, 31.6431989720611, 31.6429112435232, 31.6420481925682, 31.6406102768421, 31.6385982536724, 31.6360131821825, 31.6328564229009, 31.6291296370145, 31.6248347854093, 31.6199741275237
 92, 31.5048264583601, 31.504562980779, 31.5037726713112, 31.5024559489246, 31.5006135069405, 31.4982463149698, 31.4953556185559, 31.4919429384917, 31.4880100699416, 31.4835590813933
 92.5, 31.3781148806317, 31.377873606846, 31.3771498983474, 31.3759441387079, 31.374256962674, 31.3720892579401, 31.3694421648219, 31.3663170756314, 31.3627156338741, 31.3586397332894
 93, 31.2620801435071, 31.2618591996836, 31.2611964715382, 31.2600923102485, 31.2585472969534, 31.256562244377, 31.2541381965305, 31.2512764281395, 31.2479784439102, 31.2442459776513
 93.5, 31.1558214288395, 31.1556190997145, 31.1550122069396, 31.154001072043, 31.1525862270988, 31.1507684162143, 31.1485485952568, 31.1459279313301, 31.1429078021029, 31.1394897950051
 94, 31.058514111829, 31.0583288272199, 31.0577730600068, 31.0568471045798, 31.0555514481035, 31.0538867718796, 31.0518539510964, 31.0494540543506, 31.0466883430318, 31.0435582705879
 94.5, 30.9694032856617, 30.9692336081372, 30.968724654868, 30.9678766954031, 30.9666901757993, 30.9651657198685, 30.9633041289495, 30.9611063814695, 30.9585736323814, 30.9557072124911
 95, 30.8877978414326, 30.88764245504, 30.8871763684753, 30.886399828548, 30.8853132436847, 30.8839171850717, 30.8822123864458, 30.8801997436933, 30.8778803143349, 30.87525531691
 95.5, 30.813065054931, 30.8129227548889, 30.8124959212505, 30.8117847800089, 30.8107897051425, 30.8095112196622, 30.8079499954195, 30.8061068527395, 30.8039827599499, 30.8015788328168
 96, 30.7446256362235, 30.7444953194957, 30.7441044301929, 30.743453175251, 30.7425418971125, 30.7413710746849, 30.7399413231652, 30.7382533937048, 30.7363081729769, 30.7341066826616
 96.5, 30.6819492019036, 30.6818298585776, 30.6814718843468, 30.6808754687004, 30.6800409252093, 30.6789686924043, 30.6776593336151, 30.6761135366637, 30.6743321134685, 30.6723159995729
 97, 30.624550133449, 30.62444083885, 30.6241130061003, 30.623566808716, 30.6228025338353, 30.6218205830225, 30.6206214721211, 30.6192058309726, 30.617574403055, 30.6157280450501
 97.5, 30.5719837883651, 30.5718836958413, 30.5715834650146, 30.5710832547766, 30.5703833280645, 30.5694840525978, 30.5683859007432, 30.5670894492578, 30.5655953789575, 30.5639044743216
 98, 30.5238430337352, 30.5237513680576, 30.52347641383, 30.523018316554, 30.522377317009, 30.5215537519262, 30.5205480538658, 30.5193607509812, 30.5179924667159, 30.5164439194412
 98.5, 30.4797550744626, 30.4796711257854, 30.479419318952, 30.4789997872041, 30.4784127510329, 30.4776585187968, 30.4767374866084, 30.4756501381194, 30.4743970442421, 30.4729788628187
 99, 30.4393785509226, 30.4393016692568, 30.4390710601551, 30.4386868456335, 30.438149227607, 30.4374584884546, 30.4366149909167, 30.4356191778974, 30.4344715722102, 30.4331727762747
 99.5, 30.4024008829424, 30.4023304730986, 30.4021192764387, 30.4017674047001, 30.4012750427882, 30.4006424492943, 30.3998699564013, 30.398957969703, 30.3979069679709, 30.3967175028769
 100, 30.3685358390404, 30.3684713560001, 30.3682779369816, 30.3679556843105, 30.3675047673171, 30.366925422811, 30.3662179549948, 30.3653827352979, 30.3644202021645, 30.363330860798
